0
256
128
384
64
320
288
448
32
272
264
416
260
400
392
480
8
258
257
388
192
386
385
464
160
352
336
456
328
452
450
496
16
144
136
324
132
322
321
449
130
304
296
432
292
424
420
488
129
290
289
418
280
417
408
484
276
404
402
482
401
481
472
504
4
96
80
274
72
273
268
396
68
266
265
394
262
393
390
468
66
261
259
389
224
387
368
466
208
360
356
465
354
460
458
500
65
200
196
353
194
344
340
457
193
338
337
454
332
453
451
498
176
330
329
440
326
436
434
497
325
433
428
492
426
490
489
508
2
48
40
168
36
164
162
323
34
161
152
312
148
308
306
425
33
146
145
305
140
300
298
422
138
297
294
421
293
419
412
486
24
137
134
291
133
284
282
410
131
281
278
409
277
406
405
485
112
275
270
403
269
398
397
483
267
395
391
476
376
474
473
506
20
104
100
263
98
240
232
372
97
228
226
370
225
369
364
470
88
216
212
362
210
361
358
469
209
357
355
467
348
462
461
505
84
204
202
346
201
345
342
459
198
341
339
455
334
444
442
502
197
333
331
441
327
438
437
501
316
435
430
499
429
494
493
510
1
18
17
82
12
81
76
195
10
74
73
184
70
180
178
314
9
69
67
177
56
172
170
313
52
169
166
310
165
309
307
427
6
50
49
163
44
156
154
302
42
153
150
301
149
299
295
423
41
147
142
286
141
285
283
414
139
279
271
413
248
411
407
491
5
38
37
135
35
120
116
244
28
114
113
242
108
241
236
399
26
106
105
234
102
233
230
380
101
229
227
378
220
377
374
487
25
99
92
218
90
217
214
373
89
213
211
371
206
366
365
478
86
205
203
363
199
359
350
477
188
349
347
475
343
471
463
509
3
22
21
85
19
83
78
186
14
77
75
185
71
182
181
335
13
60
58
179
57
174
173
318
54
171
167
317
158
315
311
446
11
53
51
157
46
155
151
303
45
143
124
287
122
252
250
445
43
121
118
249
117
246
245
443
115
243
238
439
237
431
415
507
7
39
30
110
29
109
107
235
27
103
94
231
93
222
221
382
23
91
87
219
79
215
207
381
62
190
189
379
187
375
367
503
15
61
59
183
55
175
159
351
47
126
125
319
123
254
253
479
31
119
111
251
95
247
239
495
63
223
191
447
127
383
255
